10 20 30

30 60 82 74 58 61 37 27 55 91 43 63 62 89 1 52 33 11 18 22 
57 13 38 76 80 18 70 33 14 88 68 96 48 2 22 59 64 11 86 71 
2 29 35 64 71 88 17 4 99 87 78 56 52 16 33 33 87 55 18 53 
95 38 49 96 41 23 55 57 35 93 28 37 75 63 54 46 51 23 2 3 
10 80 59 14 96 44 99 83 51 18 88 99 56 37 95 49 13 2 6 48 
95 35 37 70 50 91 68 54 14 70 57 76 50 68 91 99 65 90 34 16 
60 23 15 69 12 62 18 25 64 77 73 12 64 11 82 14 54 51 20 21 
73 29 49 24 50 40 23 67 83 9 35 95 32 3 64 45 65 35 70 82 
12 96 94 76 7 28 42 13 79 15 34 5 96 84 29 46 76 4 13 11 
13 1 59 98 4 75 43 69 10 65 51 74 61 97 50 20 26 45 34 57 

12 20 62 8 56 43 7 85 47 72 96 13 73 55 63 77 83 6 47 93 23 50 68 37 0 70 57 26 67 43 
35 79 16 50 88 72 93 95 57 93 19 6 6 93 13 21 70 96 79 69 90 2 72 10 39 72 32 49 50 52 
92 85 31 60 35 71 33 81 18 42 74 38 48 32 31 62 53 53 10 32 23 0 34 95 62 26 19 47 75 69 
99 19 6 82 80 94 6 65 75 24 59 49 14 8 81 45 22 86 99 32 18 74 85 4 69 99 30 40 98 57 
9 97 77 67 32 9 61 38 26 36 62 85 37 77 93 70 74 67 56 25 52 26 99 89 31 20 88 13 60 87 
71 21 36 0 89 68 61 50 58 87 39 73 72 76 50 18 47 76 37 55 2 89 82 53 78 65 26 19 30 86 
58 1 8 94 53 49 15 14 99 25 53 90 98 26 67 0 44 66 77 81 21 31 23 55 36 53 20 62 72 51 
49 30 4 9 77 10 10 44 76 9 69 30 0 68 56 19 68 52 85 97 85 58 80 8 14 17 62 86 79 86 
89 80 69 94 41 46 56 51 42 32 61 63 62 13 83 70 84 4 22 21 1 8 79 82 16 45 51 30 32 30 
17 73 11 86 19 52 84 75 4 26 8 17 41 22 82 25 93 66 29 15 87 82 23 18 64 92 64 15 22 48 
98 91 21 61 77 41 13 61 68 69 39 76 38 81 99 20 6 92 38 87 59 77 69 35 48 86 27 12 53 1 
12 51 93 85 12 22 78 78 84 47 99 75 23 38 56 74 10 14 18 1 53 78 30 23 65 78 61 92 42 14 
45 54 18 90 92 82 13 70 12 49 17 12 24 41 2 33 67 64 47 86 17 53 16 48 76 81 26 37 25 21 
3 22 75 21 13 67 4 78 90 68 27 7 80 3 0 34 36 68 51 36 6 68 89 74 16 65 7 95 54 32 
16 9 6 43 31 71 63 87 49 53 55 28 60 88 32 61 74 68 81 25 56 87 94 45 61 62 62 68 9 16 
52 25 26 10 21 9 82 84 48 83 89 55 64 49 43 96 62 70 16 95 47 25 82 41 70 95 56 33 15 65 
49 19 43 27 30 64 88 64 48 36 47 89 92 63 38 87 59 53 9 28 48 57 53 83 50 75 30 6 8 98 
24 10 17 67 89 99 31 78 63 31 66 63 20 10 26 10 98 38 15 59 18 64 16 23 99 67 98 29 25 7 
27 49 69 97 16 58 96 99 36 12 30 55 27 50 65 53 13 15 43 28 75 13 44 91 36 43 10 87 25 36 
46 4 85 15 1 54 73 50 53 62 14 36 17 41 38 34 46 51 50 90 80 25 55 24 68 92 68 79 79 45 
